1022 2179
3242 1339
1480 1481
1740 3141
3303 5630
1646 1647
4620 4621
24 25
1001 1000
1660 2268
1373 4557
1223 1222
553 556
3595 3596
1433 3939
558 1029
168 170
355 1937
91 92
131 4232
12 453
534 536
384 385
134 2977
2945 2946
291 288
764 4069
1176 1088
1485 4747
712 75
2899 438
4754 4757
70 157
868 2826
719 626
5281 5278
723 291
113 450
1747 1749
1339 1338
2303 2305
1749 1747
2722 2719
5504 5946
5946 5506
2233 2234
4373 837
2715 430
566 562
543 546
3426 2144
1444 1442
1433 3939
70 157
1164 1190
957 958
2922 2923
5719 5723
5729 5718
4208 249
626 4337
4337 4339
1267 1269
5315 376
2861 5287
2106 2103
2134 2135
2894 4865
1646 1647
5096 1093
131 4232
1208 2742
132 136
792 784
2600 2597
2414 3434
1087 1089
722 1090
810 812
4339 201
5316 5006
315 1287
91 6
120 123
5258 5260
3275 3276
3288 2865
536 538
102 2728
3288 2865
920 921
5144 5302
4122 1683
978 979
2904 2716
173 190
1657 2315
626 4337
1022 2179
3242 1339
1480 1481
1740 3141
3303 5630
1646 1647
4620 4621
24 25
1001 1000
1660 2268
1373 4557
1223 1222
553 556
3595 3596
1433 3939
558 1029
168 170
355 1937
91 92
131 4232
12 453
534 536
384 385
134 2977
2945 2946
291 288
764 4069
1176 1088
1485 4747
712 75
2899 438
4754 4757
70 157
868 2826
719 626
5281 5278
723 291
113 450
1747 1749
1339 1338
2303 2305
1749 1747
2722 2719
5504 5946
5946 5506
2233 2234
4373 837
2715 430
566 562
543 546
3426 2144
1444 1442
1433 3939
70 157
1164 1190
957 958
2922 2923
5719 5723
5729 5718
4208 249
626 4337
4337 4339
1267 1269
5315 376
2861 5287
2106 2103
2134 2135
2894 4865
1646 1647
5096 1093
131 4232
1208 2742
132 136
792 784
2600 2597
2414 3434
1087 1089
722 1090
810 812
4339 201
5316 5006
315 1287
91 6
120 123
5258 5260
3275 3276
3288 2865
536 538
102 2728
3288 2865
920 921
5144 5302
4122 1683
978 979
2904 2716
173 190
1657 2315
626 4337
