991 989
5861 5859
169 670
2540 2664
484 483
812 5021
365 410
1208 2742
195 198
1176 1088
4345 4342
5006 5316
722 1090
4745 4744
4111 83
2934 1193
764 4069
2920 2922
965 5030
1129 1131
5318 5717
1094 1095
1202 1201
3426 1459
1493 1494
1003 1000
4105 3237
4312 4314
4633 4717
2173 2176
1837 1831
516 189
468 469
26 28
826 850
5088 5086
4424 3233
260 253
1739 1740
3513 5069
726 252
122 2705
137 138
1400 1402
1549 1645
5193 429
2401 2120
1739 1740
5960 1283
991 989
5861 5859
169 670
2540 2664
484 483
812 5021
365 410
1208 2742
195 198
1176 1088
4345 4342
5006 5316
722 1090
4745 4744
4111 83
2934 1193
764 4069
2920 2922
965 5030
1129 1131
5318 5717
1094 1095
1202 1201
3426 1459
1493 1494
1003 1000
4105 3237
4312 4314
4633 4717
2173 2176
1837 1831
516 189
468 469
26 28
826 850
5088 5086
4424 3233
260 253
1739 1740
3513 5069
726 252
122 2705
137 138
1400 1402
1549 1645
5193 429
2401 2120
1739 1740
5960 1283
