4727 1796
589 590
4757 940
812 5021
5031 965
1458 1459
553 556
1682 1684
56 552
881 884
1002 997
468 469
435 5469
131 4232
3039 3040
348 350
2212 1137
196 4353
206 388
203 390
2623 580
846 868
202 714
2610 166
1209 641
2742 351
998 2819
1040 1042
5301 5949
2819 2821
977 975
1053 1039
122 2705
2637 3164
4866 4860
5278 5281
3116 4625
2898 2516
2607 5241
181 180
5906 2741
466 470
3300 3317
2719 920
1342 1341
1742 2692
249 250
393 588
2133 326
556 559
1075 3310
3497 6170
3496 3497
2988 3271
256 260
5282 274
3136 1648
246 248
5810 5809
280 281
4363 2697
1877 1876
534 536
3554 3319
264 266
3496 3497
1223 1229
431 2904
2280 2282
815 816
1176 1088
351 10
5031 965
147 148
2923 194
846 868
3008 690
3006 3008
166 191
2609 2610
4727 1796
589 590
4757 940
812 5021
5031 965
1458 1459
553 556
1682 1684
56 552
881 884
1002 997
468 469
435 5469
131 4232
3039 3040
348 350
2212 1137
196 4353
206 388
203 390
2623 580
846 868
202 714
2610 166
1209 641
2742 351
998 2819
1040 1042
5301 5949
2819 2821
977 975
1053 1039
122 2705
2637 3164
4866 4860
5278 5281
3116 4625
2898 2516
2607 5241
181 180
5906 2741
466 470
3300 3317
2719 920
1342 1341
1742 2692
249 250
393 588
2133 326
556 559
1075 3310
3497 6170
3496 3497
2988 3271
256 260
5282 274
3136 1648
246 248
5810 5809
280 281
4363 2697
1877 1876
534 536
3554 3319
264 266
3496 3497
1223 1229
431 2904
2280 2282
815 816
1176 1088
351 10
5031 965
147 148
2923 194
846 868
3008 690
3006 3008
166 191
2609 2610
