448 2728
2866 3288
1402 4805
1550 3298
533 534
439 515
4841 188
179 181
1645 4731
2917 147
880 882
2629 513
4336 4335
2965 582
536 538
999 429
1078 550
1078 550
1012 1014
960 970
181 530
166 191
5045 5046
3318 172
1481 924
2986 2988
3331 2101
4842 2417
4841 5194
2605 32
527 424
663 531
185 187
2905 56
4849 1726
1883 1884
3306 3071
4279 3897
345 346
277 278
1268 1267
1549 1645
4716 5661
3739 3341
3006 3008
154 155
2827 3299
687 689
2590 2592
45 42
174 173
3317 2178
430 185
1001 1000
5301 5949
3408 3410
1664 1665
5468 4676
5468 4676
4276 4277
1190 1164
197 1188
215 216
242 277
536 538
1456 4942
4942 1460
1602 3347
3590 1457
521 522
551 2784
1268 1267
3164 2693
2741 113
956 955
4279 4278
930 931
3006 3007
2138 2139
2136 1657
1458 1459
2143 1053
3348 1787
3411 1788
2131 2132
4389 4318
136 377
123 1267
454 179
114 454
1549 1644
2866 3288
1384 1385
1400 1402
2865 121
3179 3175
448 2728
2866 3288
1402 4805
1550 3298
533 534
439 515
4841 188
179 181
1645 4731
2917 147
880 882
2629 513
4336 4335
2965 582
536 538
999 429
1078 550
1078 550
1012 1014
960 970
181 530
166 191
5045 5046
3318 172
1481 924
2986 2988
3331 2101
4842 2417
4841 5194
2605 32
527 424
663 531
185 187
2905 56
4849 1726
1883 1884
3306 3071
4279 3897
345 346
277 278
1268 1267
1549 1645
4716 5661
3739 3341
3006 3008
154 155
2827 3299
687 689
2590 2592
45 42
174 173
3317 2178
430 185
1001 1000
5301 5949
3408 3410
1664 1665
5468 4676
5468 4676
4276 4277
1190 1164
197 1188
215 216
242 277
536 538
1456 4942
4942 1460
1602 3347
3590 1457
521 522
551 2784
1268 1267
3164 2693
2741 113
956 955
4279 4278
930 931
3006 3007
2138 2139
2136 1657
1458 1459
2143 1053
3348 1787
3411 1788
2131 2132
4389 4318
136 377
123 1267
454 179
114 454
1549 1644
2866 3288
1384 1385
1400 1402
2865 121
3179 3175
