792 784
5030 956
2827 3299
129 131
1182 1184
5318 5717
381 383
381 383
5096 1093
309 312
337 340
1974 4391
715 714
1193 1194
87 86
5318 5717
128 3115
3745 3963
4639 601
197 2924
156 158
159 853
53 663
551 2784
1194 1196
582 583
673 995
5302 97
2303 2305
2116 5650
3901 3900
953 1972
5318 5717
1100 2210
129 130
384 385
132 136
3331 4105
2693 264
3496 3497
1937 355
179 181
1038 1036
4529 3590
2416 2417
2823 2824
1469 1470
557 1824
1393 1395
2303 2305
3302 3303
5630 5631
1392 1394
323 2133
1743 4191
268 269
1739 1740
248 256
2945 2946
2917 147
200 2954
2920 2922
816 810
792 784
5030 956
2827 3299
129 131
1182 1184
5318 5717
381 383
381 383
5096 1093
309 312
337 340
1974 4391
715 714
1193 1194
87 86
5318 5717
128 3115
3745 3963
4639 601
197 2924
156 158
159 853
53 663
551 2784
1194 1196
582 583
673 995
5302 97
2303 2305
2116 5650
3901 3900
953 1972
5318 5717
1100 2210
129 130
384 385
132 136
3331 4105
2693 264
3496 3497
1937 355
179 181
1038 1036
4529 3590
2416 2417
2823 2824
1469 1470
557 1824
1393 1395
2303 2305
3302 3303
5630 5631
1392 1394
323 2133
1743 4191
268 269
1739 1740
248 256
2945 2946
2917 147
200 2954
2920 2922
816 810
