2053 2038
1951 1945
5503 5429
2213 2215
2209 1101
2401 2120
2133 326
2894 4865
3115 129
125 132
281 130
395 625
352 108
138 140
377 374
5318 5717
1135 2210
1088 1176
1039 1053
2307 1021
1044 1045
2905 56
965 5030
937 4753
2472 2474
3039 3040
853 846
838 839
147 150
2961 959
2954 718
808 809
694 693
2476 2475
2707 2708
5185 1749
1071 1065
1073 1082
1747 1748
3144 3147
2271 2192
171 3318
5859 168
288 240
71 159
601 600
2747 1575
5435 432
444 446
4804 1402
1747 1748
1549 1644
3016 815
3016 815
454 179
1206 1208
44 993
2371 2290
993 992
2417 4841
2603 2605
4019 2415
4841 5194
4105 3331
1548 1549
4716 5661
924 1481
1549 1644
3496 3497
2693 264
130 129
201 202
588 152
2031 3052
1761 1759
157 2920
1087 1088
1159 1158
2124 2130
1551 1552
2222 4251
810 812
195 198
3052 3016
1486 935
897 896
2053 2038
1951 1945
5503 5429
2213 2215
2209 1101
2401 2120
2133 326
2894 4865
3115 129
125 132
281 130
395 625
352 108
138 140
377 374
5318 5717
1135 2210
1088 1176
1039 1053
2307 1021
1044 1045
2905 56
965 5030
937 4753
2472 2474
3039 3040
853 846
838 839
147 150
2961 959
2954 718
808 809
694 693
2476 2475
2707 2708
5185 1749
1071 1065
1073 1082
1747 1748
3144 3147
2271 2192
171 3318
5859 168
288 240
71 159
601 600
2747 1575
5435 432
444 446
4804 1402
1747 1748
1549 1644
3016 815
3016 815
454 179
1206 1208
44 993
2371 2290
993 992
2417 4841
2603 2605
4019 2415
4841 5194
4105 3331
1548 1549
4716 5661
924 1481
1549 1644
3496 3497
2693 264
130 129
201 202
588 152
2031 3052
1761 1759
157 2920
1087 1088
1159 1158
2124 2130
1551 1552
2222 4251
810 812
195 198
3052 3016
1486 935
897 896
