431 2904
2724 5951
2194 2350
560 434
1402 1400
2184 1557
2894 1291
1256 1521
161 163
160 162
505 510
170 171
3317 2178
5241 497
2356 2814
28 4019
166 191
433 560
5145 144
1196 589
156 158
718 4336
483 455
719 626
477 478
2789 160
477 478
2579 2618
150 641
2905 56
430 185
2714 184
3613 3615
1039 1036
5260 1758
1288 1106
4376 1136
4835 721
4339 201
1078 550
3456 3448
3595 3596
1464 1495
1038 1036
2718 2817
5046 5050
673 995
1007 1003
554 3614
550 547
2138 2139
3301 1392
958 2965
455 456
843 841
2920 2922
456 226
972 973
1481 1480
1455 1456
2308 2267
1458 1444
1492 1461
5037 5414
2493 3324
3896 3897
3136 1648
251 272
131 4232
2305 3136
1371 1372
1216 1215
228 231
2923 194
716 1183
4312 4314
950 952
953 1972
3578 1874
3153 1883
202 714
465 466
3240 578
3116 4625
5099 4150
2163 346
2115 741
130 129
550 547
2348 544
431 2904
2724 5951
2194 2350
560 434
1402 1400
2184 1557
2894 1291
1256 1521
161 163
160 162
505 510
170 171
3317 2178
5241 497
2356 2814
28 4019
166 191
433 560
5145 144
1196 589
156 158
718 4336
483 455
719 626
477 478
2789 160
477 478
2579 2618
150 641
2905 56
430 185
2714 184
3613 3615
1039 1036
5260 1758
1288 1106
4376 1136
4835 721
4339 201
1078 550
3456 3448
3595 3596
1464 1495
1038 1036
2718 2817
5046 5050
673 995
1007 1003
554 3614
550 547
2138 2139
3301 1392
958 2965
455 456
843 841
2920 2922
456 226
972 973
1481 1480
1455 1456
2308 2267
1458 1444
1492 1461
5037 5414
2493 3324
3896 3897
3136 1648
251 272
131 4232
2305 3136
1371 1372
1216 1215
228 231
2923 194
716 1183
4312 4314
950 952
953 1972
3578 1874
3153 1883
202 714
465 466
3240 578
3116 4625
5099 4150
2163 346
2115 741
130 129
550 547
2348 544
