714 716
5906 2741
1481 924
106 449
1644 5255
180 2785
1101 1102
343 1257
4363 2697
284 290
538 2896
4107 3278
116 115
1056 1055
1711 1246
1283 2493
252 254
1549 1644
91 92
3237 3236
1372 1371
2705 2706
2187 2146
4942 1456
1457 3590
973 561
1747 1749
1402 1400
1400 1402
5255 3302
972 973
1740 3141
124 125
152 205
2944 5551
2565 2566
2415 176
2557 2559
2364 2363
2416 2417
2345 4410
130 279
343 341
1137 1139
1695 1696
1462 3400
158 71
158 71
592 593
810 812
484 483
211 213
4862 4863
384 385
260 253
1635 1636
1455 1457
1447 1449
1138 1140
4625 299
4053 2939
308 300
1402 4805
2939 89
199 154
1938 1937
200 2954
147 150
480 684
714 716
5906 2741
1481 924
106 449
1644 5255
180 2785
1101 1102
343 1257
4363 2697
284 290
538 2896
4107 3278
116 115
1056 1055
1711 1246
1283 2493
252 254
1549 1644
91 92
3237 3236
1372 1371
2705 2706
2187 2146
4942 1456
1457 3590
973 561
1747 1749
1402 1400
1400 1402
5255 3302
972 973
1740 3141
124 125
152 205
2944 5551
2565 2566
2415 176
2557 2559
2364 2363
2416 2417
2345 4410
130 279
343 341
1137 1139
1695 1696
1462 3400
158 71
158 71
592 593
810 812
484 483
211 213
4862 4863
384 385
260 253
1635 1636
1455 1457
1447 1449
1138 1140
4625 299
4053 2939
308 300
1402 4805
2939 89
199 154
1938 1937
200 2954
147 150
480 684
