148 147
1741 3142
5906 2741
92 2728
5292 2304
4795 5303
131 4232
1268 3142
1243 1245
2789 160
2920 2922
2924 2920
392 1200
583 2864
50 423
1209 641
151 153
2896 94
5303 5144
1400 1402
1402 1400
3164 2693
1820 1643
260 261
4625 299
575 576
1382 1380
1548 1550
1392 1394
1031 1032
2296 2295
1459 3426
550 1078
3335 3336
950 951
1194 1196
3559 3202
136 377
3142 1268
4363 2697
313 4625
296 298
260 261
1401 1400
1669 3054
2923 194
4976 3613
1039 1036
1053 2143
1386 1387
1747 1749
1848 1850
903 877
2934 1193
3141 5339
1394 5185
261 262
587 961
3077 4574
5483 4124
3159 1587
3287 4716
252 255
1105 314
3896 3897
345 346
75 77
352 108
971 5031
5729 1176
4238 207
92 2728
6041 2758
121 120
742 3554
127 128
181 530
4200 4198
1105 314
5282 274
318 320
563 923
91 6
1741 3142
4843 3574
1749 1747
6170 1548
6170 1548
1402 4805
4839 132
2922 2923
842 862
593 596
2923 194
771 592
2887 986
456 226
465 466
497 498
205 386
94 96
148 147
1741 3142
5906 2741
92 2728
5292 2304
4795 5303
131 4232
1268 3142
1243 1245
2789 160
2920 2922
2924 2920
392 1200
583 2864
50 423
1209 641
151 153
2896 94
5303 5144
1400 1402
1402 1400
3164 2693
1820 1643
260 261
4625 299
575 576
1382 1380
1548 1550
1392 1394
1031 1032
2296 2295
1459 3426
550 1078
3335 3336
950 951
1194 1196
3559 3202
136 377
3142 1268
4363 2697
313 4625
296 298
260 261
1401 1400
1669 3054
2923 194
4976 3613
1039 1036
1053 2143
1386 1387
1747 1749
1848 1850
903 877
2934 1193
3141 5339
1394 5185
261 262
587 961
3077 4574
5483 4124
3159 1587
3287 4716
252 255
1105 314
3896 3897
345 346
75 77
352 108
971 5031
5729 1176
4238 207
92 2728
6041 2758
121 120
742 3554
127 128
181 530
4200 4198
1105 314
5282 274
318 320
563 923
91 6
1741 3142
4843 3574
1749 1747
6170 1548
6170 1548
1402 4805
4839 132
2922 2923
842 862
593 596
2923 194
771 592
2887 986
456 226
465 466
497 498
205 386
94 96
