560 179
1452 1721
1384 1385
2939 89
452 570
4629 280
1267 1269
351 10
2609 2610
415 630
150 641
2645 2676
641 1209
1647 4363
1711 2694
2128 2125
3902 3904
715 1087
582 583
1087 202
583 2864
445 428
2905 56
1744 1746
1053 1039
2308 2267
2121 2118
280 281
1635 1636
6165 3141
123 1267
261 262
251 273
140 4840
129 130
1078 1076
2816 2815
663 531
4840 122
4389 4318
580 581
148 147
451 113
530 659
2741 113
5435 432
2816 2815
561 564
221 475
113 452
2753 2816
563 923
4970 972
2721 2719
1824 557
2174 3322
3595 3596
1721 977
1838 1836
3634 3635
1741 3142
374 375
211 213
434 436
1200 202
1329 5623
2741 113
2416 2417
356 331
307 3116
1339 1338
3243 1535
1684 4970
1223 1222
560 434
1820 1643
3272 3274
1874 1872
2395 2393
1854 1852
5632 1747
5661 1751
3286 3287
122 2705
354 356
2763 1862
560 179
1452 1721
1384 1385
2939 89
452 570
4629 280
1267 1269
351 10
2609 2610
415 630
150 641
2645 2676
641 1209
1647 4363
1711 2694
2128 2125
3902 3904
715 1087
582 583
1087 202
583 2864
445 428
2905 56
1744 1746
1053 1039
2308 2267
2121 2118
280 281
1635 1636
6165 3141
123 1267
261 262
251 273
140 4840
129 130
1078 1076
2816 2815
663 531
4840 122
4389 4318
580 581
148 147
451 113
530 659
2741 113
5435 432
2816 2815
561 564
221 475
113 452
2753 2816
563 923
4970 972
2721 2719
1824 557
2174 3322
3595 3596
1721 977
1838 1836
3634 3635
1741 3142
374 375
211 213
434 436
1200 202
1329 5623
2741 113
2416 2417
356 331
307 3116
1339 1338
3243 1535
1684 4970
1223 1222
560 434
1820 1643
3272 3274
1874 1872
2395 2393
1854 1852
5632 1747
5661 1751
3286 3287
122 2705
354 356
2763 1862
