556 559
2954 718
843 841
3289 3290
5170 3035
1945 1946
321 324
974 4849
921 5047
936 937
827 2031
1188 2934
147 148
354 355
166 191
1623 1506
1643 1819
4625 299
3331 4105
431 2904
573 3301
3096 1131
1288 1105
2922 2923
716 717
2830 1216
452 570
80 78
5429 5430
2857 2858
1090 722
2741 113
1455 1456
1475 3950
2311 2312
1222 1223
89 2975
122 2705
103 104
3902 3904
4277 1092
350 4857
4191 1743
2695 1366
4538 694
5726 5725
1178 1182
957 958
583 2864
1193 1194
2934 1193
1268 1267
572 573
1880 576
1371 1373
1820 1643
1400 1402
4192 4191
4905 5292
5560 5558
552 5884
48 50
184 2715
4839 132
5144 144
244 251
277 278
4208 249
556 559
2954 718
843 841
3289 3290
5170 3035
1945 1946
321 324
974 4849
921 5047
936 937
827 2031
1188 2934
147 148
354 355
166 191
1623 1506
1643 1819
4625 299
3331 4105
431 2904
573 3301
3096 1131
1288 1105
2922 2923
716 717
2830 1216
452 570
80 78
5429 5430
2857 2858
1090 722
2741 113
1455 1456
1475 3950
2311 2312
1222 1223
89 2975
122 2705
103 104
3902 3904
4277 1092
350 4857
4191 1743
2695 1366
4538 694
5726 5725
1178 1182
957 958
583 2864
1193 1194
2934 1193
1268 1267
572 573
1880 576
1371 1373
1820 1643
1400 1402
4192 4191
4905 5292
5560 5558
552 5884
48 50
184 2715
4839 132
5144 144
244 251
277 278
4208 249
