2894 1291
297 5220
4389 4318
3814 3843
1806 1486
588 152
1209 1206
388 394
810 812
800 827
837 764
299 300
1739 1740
2946 392
2906 2908
299 301
714 715
86 89
142 2909
2975 4839
433 560
108 101
356 331
970 580
3393 3406
2993 3974
191 193
156 158
2917 147
5316 5720
214 394
2717 182
1464 1495
3426 1459
1787 1789
593 596
5021 2924
5096 1091
4857 4858
1087 1088
2975 4839
155 5933
297 5220
1821 1820
261 263
2113 3069
3497 6170
1400 1402
1395 1396
3240 578
2925 582
200 2954
2655 484
1091 1090
150 641
423 424
560 434
2904 2716
246 248
2303 2305
916 919
56 552
1002 997
995 2609
673 992
815 816
893 883
2894 4865
714 716
5553 5554
2187 2146
4119 1492
1209 1206
2611 992
45 47
2182 1111
2894 1291
297 5220
4389 4318
3814 3843
1806 1486
588 152
1209 1206
388 394
810 812
800 827
837 764
299 300
1739 1740
2946 392
2906 2908
299 301
714 715
86 89
142 2909
2975 4839
433 560
108 101
356 331
970 580
3393 3406
2993 3974
191 193
156 158
2917 147
5316 5720
214 394
2717 182
1464 1495
3426 1459
1787 1789
593 596
5021 2924
5096 1091
4857 4858
1087 1088
2975 4839
155 5933
297 5220
1821 1820
261 263
2113 3069
3497 6170
1400 1402
1395 1396
3240 578
2925 582
200 2954
2655 484
1091 1090
150 641
423 424
560 434
2904 2716
246 248
2303 2305
916 919
56 552
1002 997
995 2609
673 992
815 816
893 883
2894 4865
714 716
5553 5554
2187 2146
4119 1492
1209 1206
2611 992
45 47
2182 1111
